e 1 1.000000000000000000000 1.000000000000000000000 1.000000000000000000000 0.000000000000000000000 0.000000000000000000000 0.000000000000000000000 0.000000000000000000000 0.000000000000000000000 
b 3 0.900000000000000000000 0.900000000000000000000 0.900000000000000000000 0.000000000000000000000 0.000000000000000000000 0.000000000000000000000 0.000000000000000000000 0.000000000000000000000 
m 1.000000000000000000000 0.000000000000000000000 0.000000000000000000000 0.000000000000000000000 
m 1.000000000000000000000 0.000000000000000000000 0.000000000000000000000 0.000000000000000000000 
v -0.500000000000000000000 0.900000000000000020000 -3.232050999999999800000 
v 0.500000000000000000000 0.900000000000000020000 -3.232050999999999800000 
v -0.500000000000000000000 0.900000000000000020000 -2.232050999999999800000 
v 0.500000000000000000000 0.900000000000000020000 -2.232050999999999800000 
n 0.000000000000000000000 -1.000000000000000000000 0.000000000000000000000 
f 0 0 0 1 1 2 0 0 0 0 
f 0 0 0 1 1 3 2 0 0 0 
