e 0 0.000000000000000000000 0.000000000000000000000 0.000000000000000000000 0.000000000000000000000 0.000000000000000000000 0.000000000000000000000 0.000000000000000000000 0.000000000000000000000 
b 3 0.900000000000000000000 0.900000000000000000000 0.900000000000000000000 0.000000000000000000000 0.000000000000000000000 0.000000000000000000000 0.000000000000000000000 0.000000000000000000000 
m 1.000000000000000000000 0.000000000000000000000 0.000000000000000000000 0.000000000000000000000 
m 1.000000000000000000000 0.000000000000000000000 0.000000000000000000000 0.000000000000000000000 
v -1.000000000000000000000 -1.000000000000000000000 -3.732050999999999800000 
v -1.000000000000000000000 -1.000000000000000000000 -1.732051000000000000000 
v -1.000000000000000000000 1.000000000000000000000 -3.732050999999999800000 
v -1.000000000000000000000 1.000000000000000000000 -1.732051000000000000000 
v 1.000000000000000000000 -1.000000000000000000000 -3.732050999999999800000 
v 1.000000000000000000000 -1.000000000000000000000 -1.732051000000000000000 
v 1.000000000000000000000 1.000000000000000000000 -3.732050999999999800000 
v 1.000000000000000000000 1.000000000000000000000 -1.732051000000000000000 
n -1.000000000000000000000 0.000000000000000000000 0.000000000000000000000 
n 0.000000000000000000000 1.000000000000000000000 0.000000000000000000000 
n 1.000000000000000000000 0.000000000000000000000 0.000000000000000000000 
n 0.000000000000000000000 -1.000000000000000000000 0.000000000000000000000 
n 0.000000000000000000000 0.000000000000000000000 -1.000000000000000000000 
f 0 0 0 1 1 2 0 0 0 0 
f 0 0 0 1 3 6 2 1 1 1 
f 0 0 0 1 7 4 6 2 2 2 
f 0 0 0 1 5 0 4 3 3 3 
f 0 0 0 1 6 0 2 4 4 4 
f 0 0 0 1 1 3 2 0 0 0 
f 0 0 0 1 3 7 6 1 1 1 
f 0 0 0 1 7 5 4 2 2 2 
f 0 0 0 1 5 1 0 3 3 3 
f 0 0 0 1 6 4 0 4 4 4 
